30 30 
000000000000000000000000000000
110000000000000000000000000000
110000000000000000000000000000
000000000000000000000000000000
000000000000000000000000000000
000000000000000000000000000000
000000000000000000000000000000
000000000000000000000000000000
000000000000000010000000000000
000000000000000101000000000000
000000000000000101000000000000
000000000000000010000000000100
000000000000000000000000001010
000000000001100000001100001010
000000000010010000010010000100
000000000001100000001100000000
000000000000000000000000000000
000000000000000010000000000000
000000000000000101000000000000
000000000000000101000000000000
000000000000000010000000000000
000000000000000000000000000000
000000000000000000000000000000
000000000000000000000000000000
000000000000000000000000000000
000000000000000000000000000000
000000000000000000000000000000
000000000000000000000000000000
000000000000000000000000000000
000000000000000000000000000000
